block_seq_num,block_var_num,block_route_num,block_run_num
5959009,1,930,1
5959010,1,930,2
5959011,1,930,3
5959012,1,975,1
5959013,1,975,2
5959014,1,973,1
5959015,1,907,1
5959016,1,773,1
5959017,1,775,1
5959018,1,629,1
5959019,1,629,2
5959020,1,204,2
5959021,1,204,1
5959022,1,204,3
5959023,1,224,1
5959024,1,635,1
5959025,1,635,2
5959026,1,627,1
5959027,1,635,3
5959028,1,903,1
5959029,1,903,2
5959030,1,903,3
5959031,1,903,4
5959032,1,903,6
5959033,1,903,5
5959035,1,906,2
5959036,1,906,1
5959037,1,906,5
5959038,1,906,8
5959039,1,906,3
5959040,1,906,6
5959041,1,906,7
5959042,1,906,4
5959043,1,914,1
5959044,1,914,2
5959045,1,914,3
5959046,1,915,2
5959047,1,915,1
5959048,1,915,3
5959049,1,915,4
5959050,1,915,5
5959051,1,917,1
5959052,1,917,2
5959053,1,773,2
5959054,1,775,2
5959055,1,973,2
5959056,1,907,2
5959057,1,631,1
5959058,1,631,2
5959059,1,903,1
5959060,1,903,2
5959062,1,906,1
5959063,1,906,2
5959064,1,917,1
5959065,1,915,1
5959066,1,906,1
5959067,1,906,2
5959068,1,903,2
5959069,1,903,1
5959070,1,635,1
5959072,1,914,1
5959073,1,914,2
5959074,1,917,1
5959344,1,111,3
5959345,1,183,3
5959346,1,182,2
5959347,1,111,7
5959348,1,183,1
5959349,1,111,6
5959350,1,111,16
5959351,1,111,13
5959352,1,111,15
5959353,1,182,1
5959354,1,111,12
5959355,1,183,5
5959356,1,111,1
5959357,1,183,6
5959358,1,183,4
5959359,1,111,4
5959360,1,111,8
5959361,1,111,11
5959362,1,182,5
5959363,1,182,3
5959364,1,671,7
5959365,1,671,6
5959366,1,671,5
5959367,1,671,4
5959368,1,671,3
5959369,1,671,2
5959370,1,671,1
5959371,1,193,9
5959372,1,193,8
5959373,1,183,9
5959374,1,193,7
5959375,1,193,5
5959376,1,193,4
5959377,1,193,3
5959378,1,193,2
5959379,1,193,1
5959380,1,111,14
5959381,1,181,3
5959382,1,181,6
5959383,1,181,7
5959384,1,676,12
5959385,1,676,10
5959386,1,676,7
5959387,1,676,8
5959388,1,676,6
5959389,1,676,5
5959390,1,676,4
5959391,1,676,3
5959392,1,676,2
5959393,1,676,1
5959394,1,111,5
5959395,1,193,6
5959396,1,676,11
5959397,1,676,9
5959398,1,671,8
5959399,1,671,11
5959400,1,107,1
5959401,1,107,2
5959402,1,107,4
5959403,1,107,3
5959404,1,107,5
5959405,1,107,6
5959406,1,107,7
5959407,1,107,8
5959408,1,107,9
5959409,1,107,10
5959410,1,107,11
5959411,1,107,14
5959412,1,107,15
5959413,1,107,16
5959414,1,107,17
5959415,1,156,1
5959416,1,156,2
5959417,1,156,3
5959418,1,156,5
5959419,1,183,2
5959420,1,183,7
5959421,1,156,4
5959422,1,676,16
5959423,1,181,5
5959424,1,181,10
5959425,1,181,1
5959426,1,111,2
5959427,1,111,9
5959428,1,111,10
5959429,1,182,6
5959430,1,119,22
5959431,1,119,31
5959432,1,119,21
5959433,1,119,32
5959434,1,156,6
5959435,1,156,7
5959436,1,111,17
5959437,1,107,12
5959438,1,107,13
5959439,1,671,10
5959440,1,671,9
5959441,1,181,4
5959442,1,181,2
5959443,1,181,9
5959444,1,676,14
5959445,1,676,15
5959446,1,676,18
5959447,1,150,2
5959448,1,150,1
5959449,1,101,1
5959450,1,150,3
5959451,1,150,4
5959452,1,101,2
5959453,1,150,16
5959454,1,101,3
5959455,1,150,5
5959456,1,102,6
5959457,1,101,4
5959458,1,102,1
5959459,1,150,6
5959460,1,150,7
5959461,1,101,6
5959462,1,101,21
5959463,1,101,5
5959464,1,150,8
5959465,1,150,18
5959466,1,101,7
5959467,1,150,9
5959468,1,150,11
5959469,1,101,9
5959470,1,102,2
5959471,1,101,8
5959472,1,150,10
5959473,1,101,15
5959474,1,102,3
5959475,1,101,14
5959476,1,150,12
5959477,1,101,10
5959478,1,101,11
5959479,1,150,13
5959480,1,102,5
5959481,1,102,4
5959482,1,101,18
5959483,1,150,17
5959484,1,676,17
5959485,1,101,12
5959486,1,150,14
5959487,1,165,1
5959488,1,165,2
5959489,1,161,3
5959490,1,165,4
5959491,1,165,5
5959492,1,165,6
5959493,1,165,7
5959494,1,165,8
5959495,1,165,12
5959496,1,165,3
5959497,1,182,4
5959498,1,181,8
5959499,1,105,3
5959500,1,105,6
5959501,1,105,2
5959502,1,105,7
5959503,1,105,1
5959504,1,105,4
5959505,1,184,3
5959506,1,184,4
5959507,1,50,5
5959508,1,50,1
5959509,1,50,2
5959510,1,50,3
5959511,1,50,4
5959512,1,50,6
5959513,1,50,7
5959514,1,50,10
5959515,1,50,11
5959516,1,50,12
5959517,1,50,13
5959518,1,162,1
5959519,1,162,2
5959520,1,162,3
5959521,1,162,4
5959522,1,162,5
5959523,1,162,6
5959524,1,162,7
5959525,1,162,8
5959526,1,162,16
5959527,1,162,9
5959528,1,162,10
5959529,1,162,11
5959530,1,162,12
5959531,1,162,13
5959532,1,162,14
5959533,1,162,15
5959534,1,111,18
5959535,1,671,12
5959536,1,165,10
5959537,1,165,11
5959538,1,118,2
5959539,1,118,1
5959540,1,161,1
5959541,1,161,2
5959542,1,161,4
5959543,1,161,5
5959544,1,161,16
5959545,1,161,6
5959546,1,161,17
5959547,1,161,7
5959548,1,161,14
5959549,1,161,8
5959550,1,161,9
5959551,1,161,10
5959552,1,161,11
5959553,1,161,19
5959554,1,160,2
5959555,1,160,3
5959556,1,160,4
5959557,1,160,5
5959558,1,160,6
5959559,1,160,7
5959560,1,160,14
5959561,1,160,8
5959562,1,160,9
5959563,1,160,10
5959564,1,160,11
5959565,1,160,12
5959566,1,160,13
5959567,1,184,2
5959568,1,160,1
5959569,1,184,1
5959570,1,50,8
5959571,1,50,9
5959572,1,161,18
5959573,1,161,15
5959574,1,101,20
5959575,1,101,17
5959576,1,150,19
5959577,1,101,19
5959578,1,161,12
5959579,1,101,13
5959580,1,165,9
5959581,1,150,15
5959582,1,105,5
5959583,1,183,8
5959584,1,181,11
5959585,1,676,13
5959586,1,101,16
5959587,1,161,13
5959588,1,105,1
5959589,1,105,2
5959590,1,107,1
5959591,1,107,2
5959592,1,107,3
5959593,1,107,4
5959594,1,107,5
5959595,1,107,6
5959596,1,118,1
5959597,1,156,1
5959598,1,156,2
5959599,1,181,1
5959600,1,181,2
5959601,1,181,3
5959602,1,181,4
5959603,1,181,5
5959604,1,182,2
5959605,1,182,1
5959606,1,676,1
5959607,1,676,2
5959608,1,676,3
5959609,1,676,4
5959610,1,676,6
5959611,1,676,9
5959612,1,676,8
5959613,1,676,7
5959614,1,676,5
5959615,1,50,3
5959616,1,50,5
5959617,1,50,1
5959618,1,50,2
5959619,1,50,4
5959620,1,50,6
5959621,1,150,1
5959622,1,150,2
5959623,1,150,3
5959624,1,150,4
5959625,1,101,1
5959626,1,150,6
5959627,1,150,5
5959628,1,150,7
5959629,1,101,2
5959630,1,150,9
5959631,1,150,8
5959632,1,101,3
5959633,1,150,10
5959634,1,101,4
5959635,1,150,11
5959636,1,101,5
5959637,1,150,12
5959638,1,183,2
5959639,1,118,2
5959640,1,183,3
5959641,1,183,1
5959642,1,184,2
5959643,1,160,1
5959644,1,160,2
5959645,1,160,3
5959646,1,160,4
5959647,1,160,5
5959648,1,150,13
5959649,1,150,14
5959650,1,671,1
5959651,1,671,2
5959652,1,671,3
5959653,1,671,4
5959654,1,671,5
5959655,1,671,6
5959656,1,671,7
5959657,1,671,8
5959658,1,671,9
5959659,1,671,12
5959660,1,671,13
5959661,1,671,14
5959662,1,671,15
5959663,1,671,11
5959664,1,671,10
5959665,1,161,6
5959666,1,161,2
5959667,1,161,4
5959668,1,161,1
5959669,1,161,3
5959670,1,161,5
5959671,1,150,15
5959672,1,184,1
5959673,1,165,2
5959674,1,165,1
5959675,1,165,3
5959676,1,165,5
5959677,1,165,4
5959678,1,165,6
5959679,1,161,8
5959680,1,160,6
5959681,1,161,7
5959682,1,165,7
5959683,1,165,8
5959684,1,161,9
5959685,1,107,1
5959686,1,107,2
5959687,1,107,3
5959688,1,107,4
5959689,1,107,5
5959690,1,107,6
5959691,1,107,7
5959692,1,50,1
5959693,1,50,2
5959694,1,105,2
5959695,1,676,1
5959696,1,676,2
5959697,1,676,3
5959698,1,676,4
5959699,1,676,6
5959700,1,676,8
5959701,1,676,9
5959702,1,156,1
5959703,1,156,2
5959704,1,182,1
5959705,1,182,2
5959706,1,181,1
5959707,1,181,2
5959708,1,181,4
5959709,1,181,3
5959710,1,181,5
5959711,1,671,1
5959712,1,671,2
5959713,1,671,3
5959714,1,671,4
5959715,1,671,5
5959716,1,671,6
5959717,1,671,7
5959718,1,671,8
5959719,1,50,4
5959720,1,50,3
5959721,1,50,5
5959722,1,676,5
5959723,1,676,7
5959724,1,150,1
5959725,1,150,2
5959726,1,150,7
5959727,1,150,3
5959728,1,150,4
5959729,1,150,5
5959730,1,101,1
5959731,1,101,2
5959732,1,150,6
5959733,1,150,8
5959734,1,101,3
5959735,1,150,9
5959736,1,150,10
5959737,1,150,11
5959738,1,101,4
5959739,1,101,5
5959740,1,101,6
5959741,1,150,14
5959742,1,150,13
5959743,1,118,1
5959744,1,105,1
5959745,1,118,2
5959746,1,165,3
5959747,1,165,1
5959748,1,165,2
5959749,1,184,1
5959750,1,184,2
5959751,1,160,1
5959752,1,160,2
5959753,1,160,3
5959754,1,160,4
5959755,1,160,5
5959756,1,671,12
5959757,1,671,11
5959758,1,671,10
5959759,1,671,9
5959760,1,671,15
5959761,1,671,14
5959762,1,671,13
5959763,1,161,2
5959764,1,161,1
5959765,1,161,3
5959766,1,161,5
5959767,1,161,4
5959768,1,161,7
5959769,1,161,6
5959770,1,165,4
5959771,1,150,12
5959772,1,160,6
5959773,1,160,7
5959775,1,26,1
5959776,1,28,9
5959777,1,28,3
5959778,1,28,10
5959779,1,28,1
5959780,1,28,26
5959781,1,28,2
5959782,1,26,2
5959783,1,28,4
5959784,1,28,32
5959785,1,26,4
5959786,1,26,3
5959787,1,28,6
5959788,1,28,8
5959789,1,26,5
5959790,1,26,6
5959791,1,26,7
5959792,1,26,8
5959793,1,26,10
5959794,1,28,28
5959795,1,28,12
5959796,1,26,11
5959797,1,28,13
5959798,1,26,14
5959799,1,28,15
5959800,1,28,27
5959801,1,26,15
5959802,1,28,30
5959803,1,28,21
5959804,1,28,23
5959805,1,64,7
5959806,1,64,6
5959807,1,64,4
5959808,1,64,3
5959809,1,62,2
5959810,1,62,3
5959811,1,64,1
5959812,1,62,4
5959813,1,62,5
5959814,1,62,6
5959815,1,64,2
5959816,1,62,8
5959817,1,62,1
5959818,1,62,9
5959819,1,62,12
5959820,1,62,11
5959821,1,62,13
5959822,1,62,15
5959823,1,62,16
5959824,1,62,21
5959825,1,62,22
5959826,1,62,24
5959827,1,28,31
5959828,1,124,2
5959829,1,124,3
5959830,1,124,5
5959831,1,28,14
5959832,1,124,18
5959833,1,124,17
5959834,1,62,17
5959835,1,303,1
5959836,1,303,2
5959837,1,303,3
5959838,1,303,4
5959839,1,303,6
5959840,1,303,9
5959841,1,303,11
5959842,1,303,10
5959843,1,26,12
5959844,1,124,15
5959845,1,303,14
5959846,1,26,9
5959847,1,62,10
5959848,1,62,19
5959849,1,62,14
5959850,1,28,18
5959851,1,28,11
5959852,1,28,29
5959853,1,62,20
5959854,1,124,20
5959855,1,303,12
5959856,1,28,17
5959857,1,62,23
5959858,1,125,2
5959859,1,125,1
5959860,1,125,3
5959861,1,125,4
5959862,1,125,5
5959863,1,28,25
5959864,1,26,13
5959865,1,28,24
5959866,1,28,7
5959867,1,125,7
5959868,1,125,6
5959869,1,45,8
5959870,1,45,2
5959871,1,45,3
5959872,1,45,9
5959873,1,45,12
5959874,1,45,5
5959875,1,45,4
5959876,1,45,13
5959877,1,45,6
5959878,1,45,14
5959879,1,45,10
5959880,1,45,7
5959881,1,45,16
5959882,1,45,1
5959883,1,45,11
5959884,1,45,19
5959885,1,45,17
5959886,1,45,20
5959887,1,45,15
5959888,1,124,13
5959889,1,124,9
5959890,1,124,10
5959891,1,124,7
5959892,1,303,5
5959893,1,124,21
5959894,1,124,16
5959895,1,124,6
5959896,1,124,19
5959897,1,27,7
5959898,1,27,5
5959899,1,27,2
5959900,1,27,1
5959901,1,27,6
5959902,1,27,4
5959903,1,28,5
5959904,1,124,14
5959905,1,27,3
5959906,1,303,13
5959907,1,124,1
5959908,1,124,8
5959909,1,124,4
5959910,1,124,12
5959911,1,45,18
5959912,1,26,16
5959913,1,28,22
5959914,1,28,19
5959915,1,28,33
5959916,1,28,20
5959917,1,62,18
5959918,1,62,7
5959919,1,124,11
5959920,1,64,8
5959921,1,303,8
5959922,1,64,5
5959923,1,303,7
5959924,1,28,16
5959925,1,8,16
5959926,1,8,14
5959927,1,8,12
5959928,1,8,11
5959929,1,8,10
5959930,1,8,4
5959931,1,8,15
5959932,1,8,9
5959933,1,8,3
5959934,1,8,8
5959935,1,8,7
5959936,1,8,6
5959937,1,8,5
5959938,1,8,1
5959939,1,8,2
5959940,1,8,13
5959941,1,48,5
5959942,1,48,14
5959943,1,48,15
5959944,1,48,10
5959945,1,48,6
5959946,1,48,11
5959947,1,48,9
5959948,1,48,12
5959949,1,48,4
5959950,1,48,8
5959951,1,48,13
5959952,1,48,2
5959953,1,48,1
5959954,1,48,3
5959955,1,48,7
5959956,1,128,1
5959957,1,128,2
5959958,1,128,3
5959959,1,128,4
5959960,1,128,5
5959961,1,128,6
5959962,1,128,7
5959963,1,128,11
5959964,1,128,13
5959965,1,128,12
5959966,1,128,15
5959967,1,128,14
5959968,1,128,16
5959969,1,128,8
5959970,1,128,10
5959971,1,128,9
5959973,1,124,4
5959974,1,124,7
5959975,1,28,7
5959976,1,28,1
5959977,1,28,2
5959978,1,26,2
5959979,1,26,6
5959980,1,28,6
5959981,1,28,5
5959982,1,26,1
5959983,1,28,4
5959984,1,26,5
5959985,1,26,4
5959986,1,26,3
5959987,1,28,3
5959988,1,26,7
5959989,1,8,1
5959990,1,8,2
5959991,1,8,3
5959992,1,8,4
5959993,1,8,5
5959994,1,8,6
5959995,1,8,7
5959996,1,62,1
5959997,1,62,2
5959998,1,62,3
5959999,1,62,4
5960000,1,62,6
5960001,1,62,5
5960002,1,62,7
5960003,1,62,8
5960004,1,62,9
5960005,1,62,10
5960006,1,62,11
5960007,1,26,8
5960008,1,8,10
5960009,1,26,13
5960010,1,26,14
5960011,1,26,9
5960012,1,26,10
5960013,1,26,15
5960014,1,26,12
5960015,1,26,11
5960016,1,125,1
5960017,1,125,2
5960018,1,28,8
5960019,1,8,8
5960020,1,8,9
5960021,1,128,9
5960022,1,128,10
5960023,1,128,11
5960024,1,128,5
5960025,1,128,7
5960026,1,128,6
5960027,1,128,12
5960028,1,128,8
5960029,1,45,1
5960030,1,45,2
5960031,1,45,3
5960032,1,45,4
5960033,1,45,5
5960034,1,45,6
5960035,1,45,7
5960036,1,45,8
5960037,1,128,1
5960038,1,128,2
5960039,1,128,3
5960040,1,128,4
5960041,1,124,1
5960042,1,124,2
5960043,1,124,5
5960044,1,48,7
5960045,1,48,3
5960046,1,48,1
5960047,1,48,2
5960048,1,48,4
5960049,1,48,6
5960050,1,48,5
5960051,1,27,2
5960052,1,27,1
5960053,1,27,3
5960054,1,27,4
5960055,1,27,5
5960056,1,124,6
5960057,1,124,3
5960059,1,124,1
5960060,1,124,3
5960061,1,124,2
5960062,1,124,6
5960063,1,124,4
5960064,1,124,5
5960065,1,48,6
5960066,1,48,7
5960067,1,28,6
5960068,1,28,7
5960069,1,28,5
5960070,1,28,4
5960071,1,28,2
5960072,1,28,1
5960073,1,28,3
5960074,1,26,6
5960075,1,26,7
5960076,1,26,5
5960077,1,26,4
5960078,1,26,3
5960079,1,26,2
5960080,1,26,1
5960081,1,62,1
5960082,1,62,2
5960083,1,62,3
5960084,1,62,4
5960085,1,62,5
5960086,1,62,6
5960087,1,62,8
5960088,1,62,10
5960089,1,26,8
5960090,1,8,1
5960091,1,8,3
5960092,1,8,4
5960093,1,8,5
5960094,1,8,6
5960095,1,8,7
5960096,1,26,10
5960097,1,26,9
5960098,1,28,8
5960099,1,28,9
5960100,1,26,12
5960101,1,26,11
5960102,1,8,2
5960103,1,48,1
5960104,1,48,3
5960105,1,48,4
5960106,1,62,7
5960107,1,62,9
5960108,1,62,11
5960109,1,48,2
5960110,1,48,5
5960111,1,128,8
5960112,1,128,12
5960113,1,128,11
5960114,1,128,10
5960115,1,128,9
5960116,1,128,7
5960117,1,128,6
5960118,1,128,4
5960119,1,45,2
5960120,1,45,1
5960121,1,45,3
5960122,1,45,4
5960123,1,45,5
5960124,1,45,6
5960125,1,128,1
5960126,1,128,3
5960127,1,128,2
5960128,1,128,5
5960129,1,27,2
5960130,1,27,1
5960131,1,27,3
5960132,1,124,7
5960134,1,96,1
5960135,1,96,2
5960136,1,96,4
5960137,1,96,3
5960138,1,96,1
5960139,1,96,2
5960140,1,96,3
5960141,1,96,1
5960142,1,96,6
5960143,1,96,2
5960144,1,96,3
5960145,1,96,5
5960146,1,96,4
5960147,1,599,5
5960148,1,599,6
5960149,1,599,2
5960150,1,599,3
5960151,1,599,4
5960152,1,599,1
5960153,1,599,7
5960154,1,599,8
5960155,1,599,1
5960156,1,599,2
5960157,1,599,3
5960158,1,599,6
5960159,1,599,7
5960160,1,599,8
5960161,1,599,4
5960162,1,599,5
5960163,1,599,5
5960164,1,599,57
5960165,1,599,6
5960166,1,599,55
5960167,1,599,43
5960168,1,599,51
5960169,1,599,47
5960170,1,599,8
5960171,1,599,44
5960172,1,599,52
5960173,1,599,4
5960174,1,599,2
5960175,1,599,3
5960176,1,599,7
5960177,1,599,45
5960178,1,599,56
5960179,1,599,54
5960180,1,599,46
5960181,1,599,53
5960182,1,599,1
5960183,1,599,41
5960184,1,599,42
5960185,1,98,1
5960186,1,98,2
5960187,1,98,1
5960188,1,98,2
5960189,1,98,1
5960190,1,98,2
5960191,1,98,3
5960193,1,12,1
5960194,1,12,2
5960195,1,12,3
5960196,1,12,5
5960197,1,12,4
5960198,1,12,6
5960199,1,12,7
5960200,1,12,8
5960201,1,12,9
5960202,1,12,10
5960203,1,36,1
5960204,1,36,2
5960205,1,36,3
5960206,1,36,6
5960207,1,36,8
5960208,1,36,9
5960209,1,36,10
5960210,1,36,11
5960211,1,36,12
5960212,1,36,13
5960213,1,36,14
5960214,1,36,17
5960215,1,36,19
5960216,1,36,21
5960217,1,36,23
5960218,1,36,4
5960219,1,36,7
5960220,1,36,20
5960221,1,36,15
5960222,1,36,16
5960223,1,36,22
5960224,1,2,3
5960225,1,2,2
5960226,1,2,4
5960227,1,2,5
5960228,1,2,6
5960229,1,2,7
5960230,1,2,8
5960231,1,2,10
5960232,1,2,9
5960233,1,2,11
5960234,1,2,13
5960235,1,2,15
5960236,1,2,17
5960237,1,2,19
5960238,1,2,12
5960239,1,2,16
5960240,1,70,2
5960241,1,70,1
5960242,1,36,18
5960243,1,36,5
5960244,1,44,9
5960245,1,44,12
5960246,1,44,1
5960247,1,44,2
5960248,1,44,4
5960249,1,44,10
5960250,1,44,14
5960251,1,44,15
5960252,1,44,17
5960253,1,44,18
5960254,1,44,24
5960255,1,7,28
5960256,1,7,27
5960257,1,7,26
5960258,1,7,29
5960259,1,7,23
5960260,1,7,25
5960261,1,7,24
5960262,1,7,21
5960263,1,7,22
5960264,1,7,17
5960265,1,7,18
5960266,1,7,20
5960267,1,7,15
5960268,1,7,12
5960269,1,7,14
5960270,1,7,11
5960271,1,7,10
5960272,1,7,9
5960273,1,7,8
5960274,1,7,7
5960275,1,7,6
5960276,1,7,4
5960277,1,7,3
5960278,1,7,2
5960279,1,7,5
5960280,1,7,16
5960281,1,7,1
5960282,1,2,20
5960283,1,70,3
5960284,1,70,4
5960285,1,70,7
5960286,1,70,8
5960287,1,70,9
5960288,1,70,10
5960289,1,70,11
5960290,1,70,5
5960291,1,70,17
5960292,1,70,19
5960293,1,70,12
5960294,1,70,15
5960295,1,44,21
5960296,1,70,16
5960297,1,44,20
5960298,1,2,14
5960299,1,2,18
5960300,1,2,1
5960301,1,3,1
5960302,1,3,2
5960303,1,3,3
5960304,1,3,5
5960305,1,3,17
5960306,1,3,7
5960307,1,3,8
5960308,1,3,9
5960309,1,3,11
5960310,1,3,13
5960311,1,3,14
5960312,1,3,15
5960313,1,3,18
5960314,1,3,19
5960315,1,3,20
5960316,1,1,1
5960317,1,1,2
5960318,1,1,3
5960319,1,1,4
5960320,1,1,5
5960321,1,1,6
5960322,1,1,7
5960323,1,1,9
5960324,1,1,8
5960325,1,1,11
5960326,1,1,12
5960327,1,673,47
5960328,1,673,50
5960329,1,673,2
5960330,1,673,3
5960331,1,673,4
5960332,1,673,5
5960333,1,673,6
5960334,1,673,7
5960335,1,673,8
5960336,1,673,9
5960337,1,673,10
5960338,1,673,13
5960339,1,673,14
5960340,1,673,15
5960341,1,673,16
5960342,1,673,17
5960343,1,673,18
5960344,1,673,20
5960345,1,673,21
5960346,1,673,22
5960347,1,673,23
5960348,1,673,24
5960349,1,673,26
5960350,1,673,27
5960351,1,673,29
5960352,1,673,30
5960353,1,673,32
5960354,1,673,33
5960355,1,673,34
5960356,1,673,35
5960357,1,673,38
5960358,1,673,39
5960359,1,673,40
5960360,1,673,41
5960361,1,673,43
5960362,1,673,44
5960363,1,673,45
5960364,1,673,46
5960365,1,673,12
5960366,1,673,28
5960367,1,673,36
5960368,1,1,10
5960369,1,44,11
5960370,1,44,22
5960371,1,44,13
5960372,1,673,31
5960373,1,70,13
5960374,1,70,14
5960375,1,3,6
5960376,1,70,18
5960377,1,44,23
5960378,1,3,10
5960379,1,3,4
5960380,1,10,1
5960381,1,10,2
5960382,1,10,3
5960383,1,10,4
5960384,1,10,5
5960385,1,10,6
5960386,1,10,7
5960387,1,10,8
5960388,1,10,9
5960389,1,10,10
5960390,1,3,16
5960391,1,7,19
5960392,1,7,13
5960393,1,44,6
5960394,1,44,3
5960395,1,44,7
5960396,1,44,8
5960397,1,44,16
5960398,1,44,19
5960399,1,44,5
5960400,1,673,11
5960401,1,673,42
5960402,1,673,37
5960403,1,673,25
5960404,1,673,19
5960405,1,3,12
5960406,1,120,1
5960407,1,120,2
5960408,1,120,3
5960409,1,120,12
5960410,1,120,4
5960411,1,120,5
5960412,1,120,17
5960413,1,120,6
5960414,1,120,19
5960415,1,120,7
5960416,1,120,8
5960417,1,120,9
5960418,1,120,11
5960419,1,120,13
5960420,1,120,14
5960421,1,120,16
5960422,1,120,18
5960423,1,120,20
5960424,1,120,21
5960425,1,120,22
5960426,1,120,24
5960427,1,120,25
5960428,1,120,26
5960429,1,120,28
5960430,1,120,29
5960431,1,120,30
5960432,1,120,31
5960433,1,120,32
5960434,1,120,27
5960435,1,120,33
5960436,1,120,34
5960437,1,120,10
5960438,1,120,15
5960439,1,120,23
5960440,1,673,1
5960441,1,12,1
5960442,1,12,2
5960443,1,7,1
5960444,1,7,2
5960445,1,7,3
5960446,1,7,4
5960447,1,7,5
5960448,1,7,7
5960449,1,7,6
5960450,1,7,8
5960451,1,7,12
5960452,1,7,9
5960453,1,7,10
5960454,1,7,13
5960455,1,7,14
5960456,1,7,15
5960457,1,7,16
5960458,1,7,17
5960459,1,7,18
5960460,1,7,19
5960461,1,36,1
5960462,1,36,2
5960463,1,36,3
5960464,1,36,4
5960465,1,36,5
5960466,1,36,6
5960467,1,36,7
5960468,1,36,8
5960469,1,36,9
5960470,1,1,1
5960471,1,1,2
5960472,1,1,3
5960473,1,1,4
5960474,1,2,1
5960475,1,2,2
5960476,1,2,3
5960477,1,2,4
5960478,1,3,1
5960479,1,3,2
5960480,1,3,3
5960481,1,3,4
5960482,1,3,5
5960483,1,3,6
5960484,1,3,7
5960485,1,3,8
5960486,1,3,9
5960487,1,70,1
5960488,1,70,2
5960489,1,70,3
5960490,1,70,4
5960491,1,70,5
5960492,1,70,8
5960493,1,70,6
5960494,1,70,7
5960495,1,673,1
5960496,1,673,2
5960497,1,673,3
5960498,1,673,4
5960499,1,673,5
5960500,1,673,6
5960501,1,673,7
5960502,1,673,8
5960503,1,673,9
5960504,1,673,10
5960505,1,673,11
5960506,1,673,12
5960507,1,44,1
5960508,1,44,2
5960509,1,44,3
5960510,1,44,4
5960511,1,44,5
5960512,1,44,6
5960513,1,44,7
5960514,1,673,13
5960515,1,10,1
5960516,1,10,2
5960517,1,7,11
5960518,1,120,3
5960519,1,120,1
5960520,1,120,2
5960521,1,120,4
5960522,1,120,5
5960523,1,120,6
5960524,1,120,7
5960525,1,120,8
5960526,1,120,9
5960527,1,120,11
5960528,1,120,12
5960529,1,120,10
5960530,1,120,13
5960531,1,120,14
5960532,1,120,15
5960533,1,120,16
5960534,1,120,18
5960535,1,120,17
5960536,1,12,2
5960537,1,12,1
5960538,1,7,1
5960539,1,7,2
5960540,1,7,3
5960541,1,7,4
5960542,1,7,5
5960543,1,7,6
5960544,1,7,7
5960545,1,7,8
5960546,1,7,9
5960547,1,7,11
5960548,1,7,10
5960549,1,7,12
5960550,1,7,13
5960551,1,7,14
5960552,1,7,15
5960553,1,7,16
5960554,1,7,17
5960555,1,7,18
5960556,1,7,19
5960557,1,36,1
5960558,1,36,2
5960559,1,36,3
5960560,1,36,4
5960561,1,36,5
5960562,1,36,6
5960563,1,36,10
5960564,1,36,11
5960565,1,10,1
5960566,1,10,2
5960567,1,36,7
5960568,1,36,8
5960569,1,36,9
5960570,1,70,1
5960571,1,70,2
5960572,1,70,3
5960573,1,70,4
5960574,1,70,5
5960575,1,70,6
5960576,1,70,7
5960577,1,673,1
5960578,1,673,2
5960579,1,673,3
5960580,1,673,4
5960581,1,673,5
5960582,1,673,6
5960583,1,673,7
5960584,1,673,8
5960585,1,673,9
5960586,1,673,10
5960587,1,673,11
5960588,1,673,12
5960589,1,673,13
5960590,1,1,1
5960591,1,1,2
5960592,1,1,3
5960593,1,1,4
5960594,1,1,5
5960595,1,2,1
5960596,1,2,2
5960597,1,2,3
5960598,1,2,4
5960599,1,3,1
5960600,1,3,4
5960601,1,3,2
5960602,1,3,3
5960603,1,3,5
5960604,1,3,6
5960605,1,3,7
5960606,1,3,8
5960607,1,3,9
5960608,1,44,1
5960609,1,44,7
5960610,1,44,2
5960611,1,44,3
5960612,1,44,4
5960613,1,44,6
5960614,1,44,5
5960615,1,120,3
5960616,1,120,5
5960617,1,120,1
5960618,1,120,2
5960619,1,120,4
5960620,1,120,6
5960621,1,120,8
5960622,1,120,7
5960623,1,120,9
5960624,1,120,10
5960625,1,120,11
5960626,1,120,13
5960627,1,120,12
5960628,1,120,14
5960629,1,120,15
5960630,1,120,16
5960632,1,75,4
5960633,1,75,3
5960634,1,75,1
5960635,1,75,2
5960636,1,75,5
5960637,1,75,6
5960638,1,73,1
5960639,1,73,2
5960640,1,73,3
5960641,1,331,1
5960642,1,331,2
5960643,1,331,3
5960644,1,331,4
5960645,1,331,5
5960646,1,331,6
5960647,1,331,8
5960648,1,331,9
5960649,1,346,1
5960650,1,346,2
5960651,1,346,3
5960652,1,346,4
5960653,1,346,5
5960654,1,346,6
5960655,1,372,1
5960656,1,372,2
5960657,1,65,3
5960658,1,65,1
5960659,1,65,2
5960660,1,65,6
5960661,1,331,7
5960662,1,65,10
5960663,1,331,10
5960664,1,65,7
5960665,1,65,4
5960666,1,65,5
5960667,1,372,3
5960668,1,65,8
5960669,1,65,11
5960670,1,65,9
5960671,1,65,12
5960672,1,41,2
5960673,1,41,1
5960674,1,41,11
5960675,1,41,3
5960676,1,41,13
5960677,1,41,5
5960678,1,41,4
5960679,1,41,6
5960680,1,41,7
5960681,1,41,8
5960682,1,41,9
5960683,1,41,10
5960684,1,75,7
5960685,1,75,1
5960686,1,75,2
5960687,1,75,3
5960688,1,75,5
5960689,1,75,6
5960690,1,73,2
5960691,1,331,1
5960692,1,331,3
5960693,1,331,4
5960694,1,331,5
5960695,1,331,7
5960696,1,331,8
5960697,1,331,9
5960698,1,331,10
5960699,1,75,7
5960700,1,75,8
5960701,1,331,6
5960702,1,331,2
5960703,1,41,2
5960704,1,41,1
5960705,1,41,3
5960706,1,41,5
5960707,1,41,4
5960708,1,41,6
5960709,1,41,8
5960710,1,41,9
5960711,1,41,10
5960712,1,65,2
5960713,1,65,1
5960714,1,65,4
5960715,1,65,3
5960716,1,75,4
5960717,1,65,6
5960718,1,65,7
5960719,1,41,7
5960720,1,65,8
5960721,1,41,11
5960722,1,41,12
5960723,1,73,3
5960724,1,65,10
5960725,1,65,5
5960726,1,65,9
5960727,1,73,1
5960728,1,65,11
5960729,1,372,1
5960730,1,372,2
5960731,1,372,3
5960732,1,65,12
5960733,1,301,1
5960734,1,373,2
5960735,1,301,2
5960736,1,301,5
5960737,1,301,6
5960738,1,301,10
5960739,1,301,12
5960740,1,301,13
5960741,1,372,5
5960742,1,304,1
5960743,1,304,3
5960744,1,304,4
5960745,1,304,5
5960746,1,304,6
5960747,1,330,1
5960748,1,331,1
5960749,1,331,2
5960750,1,331,4
5960751,1,331,3
5960752,1,331,7
5960753,1,331,8
5960754,1,331,6
5960755,1,331,9
5960756,1,346,1
5960757,1,346,2
5960758,1,346,3
5960759,1,346,4
5960760,1,346,5
5960761,1,346,6
5960762,1,372,1
5960763,1,372,3
5960764,1,372,4
5960765,1,372,6
5960766,1,372,7
5960767,1,372,9
5960768,1,372,10
5960769,1,372,18
5960770,1,372,21
5960771,1,372,22
5960772,1,372,23
5960773,1,372,26
5960774,1,372,27
5960775,1,373,3
5960776,1,73,1
5960777,1,73,2
5960778,1,73,3
5960779,1,373,5
5960780,1,304,2
5960781,1,301,14
5960782,1,372,24
5960783,1,372,28
5960784,1,372,13
5960785,1,372,14
5960786,1,372,16
5960787,1,331,5
5960788,1,373,7
5960789,1,373,6
5960790,1,373,9
5960791,1,373,1
5960792,1,373,8
5960793,1,373,4
5960794,1,372,11
5960795,1,372,12
5960796,1,372,2
5960797,1,41,1
5960798,1,41,2
5960799,1,41,3
5960800,1,41,4
5960801,1,41,5
5960802,1,41,7
5960803,1,41,6
5960804,1,41,8
5960805,1,41,9
5960806,1,41,10
5960807,1,41,30
5960808,1,41,11
5960809,1,41,22
5960810,1,41,12
5960811,1,41,13
5960812,1,41,14
5960813,1,301,15
5960814,1,41,25
5960815,1,41,15
5960816,1,41,24
5960817,1,41,31
5960818,1,41,21
5960819,1,41,20
5960820,1,41,29
5960821,1,41,26
5960822,1,41,18
5960823,1,41,23
5960824,1,41,28
5960825,1,41,27
5960826,1,41,19
5960827,1,346,7
5960828,1,372,8
5960829,1,372,25
5960830,1,41,32
5960831,1,75,14
5960832,1,41,16
5960833,1,41,17
5960834,1,331,10
5960835,1,372,20
5960836,1,41,33
5960837,1,75,1
5960838,1,75,2
5960839,1,75,3
5960840,1,75,6
5960841,1,75,7
5960842,1,75,4
5960843,1,75,5
5960844,1,75,8
5960845,1,75,10
5960846,1,75,9
5960847,1,75,11
5960848,1,75,12
5960849,1,75,13
5960850,1,75,17
5960851,1,75,18
5960852,1,75,16
5960853,1,75,15
5960854,1,372,17
5960855,1,372,15
5960856,1,65,1
5960857,1,65,2
5960858,1,65,3
5960859,1,65,4
5960860,1,65,5
5960861,1,65,6
5960862,1,65,7
5960863,1,65,8
5960864,1,65,9
5960865,1,65,10
5960866,1,65,12
5960867,1,65,11
5960868,1,65,13
5960869,1,65,14
5960870,1,301,4
5960871,1,372,19
5960872,1,301,11
5960873,1,301,3
5960874,1,301,8
5960875,1,301,7
5960877,1,40,5
5960878,1,40,4
5960879,1,40,9
5960880,1,40,8
5960881,1,40,11
5960882,1,40,13
5960883,1,5,2
5960884,1,5,3
5960885,1,5,4
5960886,1,5,5
5960887,1,5,6
5960888,1,5,7
5960889,1,5,8
5960890,1,5,9
5960891,1,5,11
5960892,1,5,19
5960893,1,60,1
5960894,1,60,2
5960895,1,60,3
5960896,1,60,4
5960897,1,106,1
5960898,1,106,2
5960899,1,106,3
5960900,1,106,4
5960901,1,106,5
5960902,1,106,6
5960903,1,106,7
5960904,1,106,8
5960905,1,106,9
5960906,1,106,10
5960907,1,106,11
5960908,1,5,1
5960909,1,11,1
5960910,1,11,2
5960911,1,11,3
5960912,1,5,13
5960913,1,5,14
5960914,1,40,7
5960915,1,40,10
5960916,1,40,6
5960917,1,40,2
5960918,1,40,1
5960919,1,60,6
5960920,1,40,3
5960921,1,60,9
5960922,1,60,7
5960923,1,5,18
5960924,1,5,15
5960925,1,5,10
5960926,1,5,12
5960927,1,5,17
5960928,1,40,19
5960929,1,40,12
5960930,1,40,18
5960931,1,40,15
5960932,1,11,4
5960933,1,11,5
5960934,1,40,17
5960935,1,5,16
5960936,1,40,16
5960937,1,40,14
5960938,1,40,20
5960939,1,60,5
5960940,1,674,1
5960941,1,674,2
5960942,1,674,3
5960943,1,674,4
5960944,1,674,6
5960945,1,674,8
5960946,1,674,7
5960947,1,675,1
5960948,1,675,2
5960949,1,675,3
5960950,1,675,5
5960951,1,675,6
5960952,1,675,7
5960953,1,675,9
5960954,1,675,10
5960955,1,675,22
5960956,1,675,14
5960957,1,675,13
5960958,1,675,18
5960959,1,675,19
5960960,1,674,14
5960961,1,674,13
5960962,1,675,21
5960963,1,675,20
5960964,1,675,15
5960965,1,675,16
5960966,1,675,4
5960967,1,675,8
5960968,1,675,11
5960969,1,675,12
5960970,1,675,17
5960971,1,674,5
5960972,1,674,9
5960973,1,106,13
5960974,1,106,12
5960975,1,674,12
5960976,1,674,11
5960977,1,674,10
5960978,1,60,8
5960980,1,5,2
5960981,1,5,3
5960982,1,5,4
5960983,1,5,5
5960984,1,5,7
5960985,1,60,1
5960986,1,60,2
5960987,1,60,3
5960988,1,5,1
5960989,1,11,1
5960990,1,11,2
5960991,1,106,1
5960992,1,106,4
5960993,1,106,3
5960994,1,106,7
5960995,1,106,6
5960996,1,106,8
5960997,1,106,2
5960998,1,106,5
5960999,1,106,10
5961000,1,106,9
5961001,1,106,11
5961002,1,11,5
5961003,1,40,2
5961004,1,40,1
5961005,1,40,4
5961006,1,40,3
5961007,1,40,5
5961008,1,40,6
5961009,1,40,8
5961010,1,40,7
5961011,1,40,10
5961012,1,40,9
5961013,1,60,6
5961014,1,5,6
5961015,1,5,13
5961016,1,5,10
5961017,1,5,9
5961018,1,5,8
5961019,1,40,12
5961020,1,40,17
5961021,1,40,15
5961022,1,40,13
5961023,1,40,11
5961024,1,40,14
5961025,1,106,13
5961026,1,11,4
5961027,1,11,3
5961028,1,5,11
5961029,1,5,12
5961030,1,40,16
5961031,1,60,4
5961032,1,60,5
5961033,1,674,2
5961034,1,674,1
5961035,1,674,3
5961036,1,674,4
5961037,1,674,6
5961038,1,674,7
5961039,1,674,8
5961040,1,675,1
5961041,1,675,2
5961042,1,675,3
5961043,1,675,4
5961044,1,675,5
5961045,1,675,6
5961046,1,675,7
5961047,1,675,8
5961048,1,675,9
5961049,1,675,10
5961050,1,675,11
5961051,1,675,12
5961052,1,675,14
5961053,1,675,13
5961054,1,675,21
5961055,1,675,20
5961056,1,675,19
5961057,1,675,18
5961058,1,675,17
5961059,1,675,16
5961060,1,675,15
5961061,1,675,22
5961062,1,674,14
5961063,1,674,13
5961064,1,674,12
5961065,1,674,11
5961066,1,674,10
5961067,1,674,5
5961068,1,674,9
5961069,1,106,12
5961070,1,60,8
5961071,1,60,7
5961073,1,5,7
5961074,1,5,2
5961075,1,5,4
5961076,1,5,10
5961077,1,5,9
5961078,1,5,3
5961079,1,5,15
5961080,1,5,6
5961081,1,5,12
5961082,1,21,1
5961083,1,56,2
5961084,1,74,1
5961085,1,21,9
5961086,1,56,1
5961087,1,74,2
5961088,1,21,2
5961089,1,57,5
5961090,1,74,4
5961091,1,57,2
5961092,1,21,4
5961093,1,21,10
5961094,1,56,4
5961095,1,56,6
5961096,1,56,5
5961097,1,57,1
5961098,1,5,11
5961099,1,21,5
5961100,1,21,11
5961101,1,21,3
5961102,1,56,3
5961103,1,57,4
5961104,1,55,1
5961105,1,55,6
5961106,1,21,12
5961107,1,21,13
5961108,1,21,8
5961109,1,106,1
5961110,1,106,3
5961111,1,106,8
5961112,1,106,10
5961113,1,106,12
5961114,1,106,2
5961115,1,106,5
5961116,1,106,13
5961117,1,106,11
5961118,1,106,6
5961119,1,106,4
5961120,1,106,7
5961121,1,55,9
5961122,1,106,14
5961125,1,5,1
5961126,1,60,1
5961127,1,60,2
5961128,1,60,3
5961129,1,60,4
5961130,1,60,5
5961131,1,60,7
5961132,1,60,8
5961133,1,60,10
5961134,1,60,9
5961135,1,60,12
5961136,1,60,14
5961137,1,60,16
5961138,1,60,13
5961139,1,5,21
5961140,1,60,15
5961141,1,11,1
5961142,1,40,1
5961143,1,5,24
5961144,1,5,23
5961145,1,55,4
5961148,1,55,5
5961149,1,57,3
5961150,1,309,1
5961151,1,309,2
5961152,1,309,3
5961153,1,309,4
5961154,1,309,6
5961155,1,309,7
5961156,1,309,8
5961157,1,55,3
5961158,1,5,19
5961159,1,21,7
5961160,1,57,6
5961161,1,57,7
5961162,1,5,16
5961163,1,5,13
5961164,1,309,5
5961165,1,40,2
5961166,1,40,4
5961167,1,40,27
5961168,1,40,3
5961169,1,40,17
5961170,1,40,7
5961171,1,40,5
5961172,1,40,10
5961173,1,40,6
5961174,1,40,12
5961175,1,60,6
5961176,1,40,8
5961177,1,40,11
5961178,1,40,16
5961179,1,40,9
5961180,1,55,7
5961181,1,40,15
5961182,1,40,18
5961183,1,40,14
5961184,1,40,19
5961185,1,40,21
5961187,1,60,11
5961188,1,11,4
5961189,1,11,3
5961190,1,74,3
5961191,1,74,5
5961192,1,74,6
5961193,1,74,7
5961194,1,74,9
5961195,1,74,10
5961196,1,74,11
5961197,1,74,12
5961198,1,74,13
5961199,1,74,14
5961200,1,74,15
5961201,1,74,8
5961202,1,5,20
5961203,1,55,2
5961204,1,56,7
5961205,1,55,8
5961206,1,5,8
5961207,1,5,5
5961208,1,5,25
5961209,1,5,17
5961210,1,5,14
5961211,1,21,6
5961212,1,40,37
5961213,1,40,32
5961214,1,40,33
5961215,1,11,5
5961216,1,11,7
5961217,1,11,8
5961218,1,11,2
5961219,1,11,6
5961220,1,5,22
5961221,1,40,36
5961222,1,40,35
5961223,1,40,34
5961224,1,40,31
5961227,1,5,18
5961228,1,21,14
5961229,1,675,4
5961230,1,675,2
5961231,1,675,1
5961232,1,675,6
5961233,1,675,10
5961234,1,675,14
5961235,1,675,19
5961236,1,675,24
5961237,1,675,13
5961238,1,675,22
5961239,1,675,15
5961240,1,675,12
5961241,1,675,16
5961242,1,675,7
5961243,1,675,3
5961244,1,675,25
5961245,1,675,28
5961246,1,675,42
5961247,1,674,10
5961248,1,674,29
5961249,1,675,5
5961250,1,675,9
5961251,1,674,11
5961252,1,674,16
5961253,1,674,15
5961254,1,674,1
5961255,1,674,2
5961256,1,674,3
5961257,1,674,4
5961258,1,674,5
5961259,1,674,6
5961260,1,674,7
5961261,1,674,8
5961262,1,674,9
5961263,1,675,11
5961264,1,674,12
5961265,1,674,14
5961266,1,675,17
5961267,1,675,23
5961268,1,674,17
5961269,1,675,26
5961270,1,675,27
5961271,1,674,21
5961272,1,674,22
5961273,1,674,23
5961274,1,674,24
5961275,1,675,35
5961276,1,675,39
5961277,1,675,41
5961278,1,675,29
5961279,1,675,20
5961280,1,675,18
5961281,1,675,40
5961282,1,675,8
5961283,1,675,21
5961284,1,675,38
5961285,1,675,30
5961286,1,675,45
5961287,1,675,46
5961288,1,675,36
5961289,1,675,44
5961290,1,675,33
5961291,1,675,37
5961292,1,675,31
5961293,1,106,18
5961294,1,106,16
5961295,1,675,43
5961296,1,675,32
5961297,1,675,34
5961298,1,674,20
5961299,1,674,25
5961300,1,674,26
5961301,1,674,27
5961302,1,674,13
5961303,1,674,18
5961304,1,674,28
5961305,1,60,17
5961306,1,106,9
5961307,1,106,15
5961308,1,674,19
5961309,1,40,25
5961310,1,40,20
5961311,1,40,13
5961312,1,40,24
5961313,1,40,23
5961314,1,40,38
5961315,1,40,39
5961316,1,40,29
5961317,1,40,28
5961318,1,40,22
5961319,1,40,30
5961320,1,106,17
5961321,1,40,26
5961473,1,221,1
5961474,1,221,2
5961475,1,221,3
5961476,1,221,4
5961477,1,240,4
5961478,1,240,3
5961479,1,240,2
5961480,1,240,1
5961481,1,245,2
5961482,1,245,3
5961483,1,245,4
5961484,1,245,1
5961485,1,245,5
5961486,1,240,6
5961487,1,221,5
5961488,1,240,5
5961489,1,208,1
5961490,1,225,1
5961491,1,225,2
5961492,1,225,3
5961493,1,250,1
5961494,1,250,2
5961495,1,250,3
5961496,1,250,4
5961497,1,230,1
5961498,1,230,2
5961499,1,230,3
5961500,1,239,1
5961501,1,239,2
5961502,1,239,3
5961503,1,239,4
5961504,1,250,5
5961505,1,226,1
5961506,1,226,2
5961507,1,226,3
5961508,1,271,1
5961509,1,271,2
5961510,1,271,3
5961511,1,271,6
5961512,1,271,4
5961513,1,271,7
5961514,1,271,5
5961515,1,271,2
5961516,1,271,3
5961517,1,271,4
5961518,1,271,5
5961519,1,271,6
5961520,1,271,7
5961521,1,271,1
5961522,1,221,1
5961523,1,245,5
5961524,1,245,4
5961525,1,245,3
5961526,1,245,2
5961527,1,221,2
5961528,1,245,1
5961529,1,226,1
5961530,1,226,2
5961531,1,226,3
5961532,1,240,4
5961533,1,240,2
5961534,1,240,5
5961535,1,240,1
5961536,1,240,3
5961537,1,240,6
5961538,1,225,1
5961539,1,225,2
5961540,1,225,3
5961541,1,250,1
5961542,1,250,2
5961543,1,250,3
5961544,1,250,4
5961545,1,230,1
5961546,1,230,2
5961547,1,230,3
5961548,1,239,1
5961549,1,239,2
5961550,1,239,3
5961551,1,239,4
5961552,1,250,5
5961553,1,221,2
5961554,1,221,3
5961557,1,226,6
5961558,1,221,1
5961559,1,221,6
5961560,1,221,4
5961561,1,226,1
5961562,1,226,2
5961563,1,226,3
5961564,1,226,4
5961565,1,226,5
5961566,1,226,10
5961567,1,226,7
5961568,1,226,8
5961569,1,226,9
5961570,1,239,1
5961571,1,239,2
5961572,1,239,3
5961573,1,239,4
5961574,1,230,4
5961575,1,230,5
5961576,1,230,6
5961577,1,230,8
5961578,1,230,1
5961579,1,230,2
5961580,1,230,3
5961581,1,230,7
5961582,1,230,9
5961583,1,208,1
5961584,1,221,5
5961586,1,225,1
5961587,1,225,2
5961588,1,225,3
5961589,1,225,4
5961590,1,225,5
5961591,1,225,6
5961592,1,225,7
5961593,1,225,8
5961594,1,225,9
5961595,1,250,1
5961596,1,250,2
5961597,1,250,3
5961598,1,250,4
5961599,1,250,5
5961600,1,250,6
5961601,1,250,7
5961602,1,250,8
5961603,1,250,9
5961604,1,250,10
5961605,1,250,11
5961606,1,250,12
5961607,1,240,1
5961608,1,240,2
5961609,1,240,3
5961610,1,240,4
5961611,1,240,5
5961612,1,240,6
5961613,1,240,7
5961614,1,240,8
5961615,1,240,9
5961616,1,240,10
5961617,1,240,11
5961618,1,240,12
5961620,1,271,1
5961621,1,271,2
5961622,1,271,3
5961623,1,269,1
5961624,1,245,1
5961625,1,271,4
5961626,1,245,2
5961627,1,269,2
5961628,1,269,3
5961629,1,245,3
5961630,1,271,5
5961631,1,245,4
5961632,1,271,6
5961633,1,269,4
5961634,1,271,7
5961635,1,245,5
5961636,1,245,6
5961637,1,271,8
5961638,1,245,7
5961639,1,245,8
5961640,1,271,9
5961641,1,271,10
5961642,1,271,11
5961643,1,245,9
5961644,1,269,5
5961645,1,271,12
5961646,1,271,13
5961647,1,245,10
5961648,1,269,6
5961649,1,245,11
5961650,1,245,12
5961651,1,245,13
5961652,1,271,14
5961653,1,271,15
5961654,1,271,16
5961655,1,271,17
5961656,1,245,14
5961657,1,245,15
5961658,1,672,1
5961659,1,672,2
5961660,1,672,3
5961661,1,672,4
5961662,1,672,5
5961663,1,672,6
5961664,1,672,8
5961665,1,672,7
5961666,1,522,1
5961667,1,522,2
5961668,1,522,3
5961669,1,522,4
5961670,1,522,5
5961671,1,522,6
5961672,1,522,7
5961673,1,542,1
5961674,1,542,2
5961675,1,542,4
5961676,1,545,1
5961677,1,545,2
5961678,1,545,3
5961679,1,545,4
5961680,1,545,5
5961681,1,545,6
5961682,1,545,7
5961683,1,550,1
5961684,1,550,2
5961685,1,550,3
5961686,1,550,4
5961687,1,550,5
5961688,1,550,6
5961689,1,550,7
5961690,1,550,8
5961691,1,550,9
5961692,1,554,1
5961693,1,554,2
5961694,1,554,3
5961695,1,554,4
5961696,1,554,5
5961697,1,542,3
5961698,1,255,1
5961699,1,255,2
5961700,1,255,3
5961701,1,255,4
5961702,1,255,5
5961703,1,255,6
5961704,1,255,7
5961705,1,255,8
5961706,1,255,9
5961707,1,255,10
5961708,1,672,1
5961709,1,672,2
5961710,1,672,3
5961711,1,672,4
5961712,1,672,5
5961713,1,672,6
5961714,1,672,7
5961715,1,522,1
5961716,1,522,2
5961717,1,522,3
5961718,1,522,4
5961719,1,522,5
5961720,1,522,6
5961721,1,522,7
5961722,1,542,1
5961723,1,542,2
5961724,1,542,4
5961725,1,545,1
5961726,1,545,2
5961727,1,545,3
5961728,1,545,4
5961729,1,545,5
5961730,1,545,6
5961731,1,550,1
5961732,1,550,2
5961733,1,550,3
5961734,1,550,4
5961735,1,550,5
5961736,1,554,1
5961737,1,554,2
5961738,1,554,3
5961739,1,554,4
5961740,1,554,5
5961741,1,542,3
5961742,1,255,1
5961743,1,255,2
5961744,1,255,3
5961745,1,255,4
5961746,1,255,5
5961747,1,255,6
5961748,1,255,7
5961749,1,255,8
5961750,1,255,9
5961751,1,255,10
5961753,1,257,9
5961754,1,257,6
5961755,1,257,7
5961756,1,218,7
5961757,1,218,8
5961758,1,218,9
5961759,1,218,11
5961760,1,218,14
5961761,1,257,1
5961762,1,257,3
5961763,1,311,2
5961764,1,311,1
5961765,1,311,3
5961766,1,311,4
5961767,1,311,7
5961768,1,311,10
5961769,1,311,11
5961770,1,311,12
5961771,1,311,13
5961772,1,311,9
5961773,1,311,5
5961774,1,257,4
5961775,1,218,6
5961776,1,218,1
5961777,1,218,5
5961778,1,218,2
5961786,1,672,1
5961787,1,672,2
5961788,1,672,3
5961789,1,672,4
5961790,1,672,6
5961791,1,672,7
5961792,1,672,9
5961793,1,672,11
5961794,1,672,12
5961795,1,672,14
5961796,1,672,15
5961797,1,672,13
5961798,1,672,16
5961799,1,672,17
5961800,1,672,18
5961801,1,311,8
5961802,1,672,10
5961803,1,672,5
5961804,1,672,8
5961806,1,218,12
5961807,1,311,14
5961809,1,257,8
5961810,1,212,1
5961811,1,212,2
5961812,1,212,3
5961813,1,212,4
5961814,1,218,4
5961815,1,212,7
5961816,1,212,8
5961817,1,212,9
5961818,1,212,10
5961819,1,212,11
5961820,1,212,12
5961821,1,212,13
5961822,1,212,5
5961824,1,212,6
5961825,1,257,2
5961826,1,218,3
5961827,1,218,13
5961829,1,554,2
5961830,1,550,1
5961831,1,545,2
5961832,1,550,2
5961833,1,550,3
5961834,1,542,1
5961835,1,545,3
5961836,1,545,4
5961837,1,550,4
5961838,1,554,4
5961839,1,542,2
5961840,1,545,6
5961841,1,550,5
5961842,1,554,5
5961843,1,545,7
5961844,1,542,3
5961845,1,545,9
5961846,1,550,6
5961847,1,542,4
5961848,1,550,8
5961849,1,545,10
5961850,1,554,7
5961851,1,545,15
5961852,1,554,8
5961853,1,545,16
5961854,1,545,17
5961855,1,550,11
5961856,1,554,9
5961857,1,554,10
5961858,1,545,20
5961859,1,542,7
5961860,1,545,22
5961861,1,554,11
5961862,1,550,17
5961863,1,545,24
5961864,1,550,18
5961865,1,550,19
5961866,1,542,8
5961867,1,550,21
5961868,1,545,26
5961869,1,542,9
5961870,1,550,23
5961871,1,554,12
5961872,1,545,29
5961873,1,545,30
5961874,1,554,13
5961875,1,257,5
5961876,1,311,6
5961877,1,550,7
5961878,1,550,20
5961879,1,550,16
5961880,1,550,12
5961881,1,311,18
5961882,1,311,17
5961883,1,212,14
5961884,1,550,9
5961885,1,550,15
5961886,1,550,10
5961887,1,554,14
5961888,1,311,15
5961890,1,311,16
5961891,1,311,19
5961892,1,255,1
5961893,1,255,2
5961894,1,255,3
5961895,1,255,4
5961896,1,255,5
5961897,1,255,6
5961898,1,255,7
5961899,1,255,8
5961900,1,255,9
5961901,1,271,22
5961902,1,255,10
5961903,1,255,11
5961904,1,255,12
5961905,1,255,13
5961906,1,255,14
5961907,1,255,15
5961908,1,255,16
5961909,1,255,17
5961910,1,255,18
5961911,1,255,19
5961912,1,255,20
5961913,1,255,21
5961914,1,255,23
5961915,1,255,24
5961916,1,255,25
5961917,1,218,10
5961918,1,257,10
5961919,1,545,8
5961920,1,545,19
5961921,1,542,6
5961922,1,550,13
5961923,1,550,14
5961924,1,550,22
5961925,1,550,24
5961926,1,542,5
5961927,1,554,1
5961928,1,522,1
5961929,1,522,17
5961930,1,522,2
5961931,1,522,19
5961932,1,554,3
5961933,1,545,1
5961934,1,522,3
5961935,1,522,20
5961936,1,522,4
5961937,1,522,24
5961938,1,545,5
5961939,1,522,5
5961940,1,522,23
5961941,1,522,6
5961942,1,522,12
5961943,1,522,21
5961944,1,554,6
5961945,1,522,22
5961946,1,522,14
5961947,1,522,7
5961948,1,522,8
5961949,1,545,12
5961950,1,545,11
5961951,1,545,13
5961952,1,522,9
5961953,1,522,18
5961954,1,545,14
5961955,1,522,10
5961956,1,545,18
5961957,1,545,21
5961958,1,522,11
5961959,1,522,13
5961960,1,522,16
5961961,1,545,23
5961962,1,522,25
5961963,1,522,15
5961964,1,545,27
5961965,1,545,31
5961966,1,545,25
5961967,1,545,28
5961968,1,255,22
5961969,1,271,20
5961970,1,271,21
5961971,1,271,23
5961972,1,271,24
5961973,1,271,25
5961974,1,271,26
5961975,1,271,27
5961986,1,522,31
5961987,1,522,30
5964474,1,7,30
5964475,1,7,31
5964476,1,7,32
5964477,1,7,33
5964817,1,193,38
5964818,1,193,39
5965517,1,36,30
5965518,1,36,31
5965519,1,36,32
